<?xml version="1.0" encoding="utf-8"?>
<opencv_storage>
   <camera-matrix type_id="opencv-matrix">
      <rows>3</rows>
      <cols>3</cols>
      <dt>d</dt>
      <data>1269.8510380773004727 0.0000000000000000 676.8259217405255868 
0.0000000000000000 1266.8336601375658574 492.7451015999432116 
0.0000000000000000 0.0000000000000000 1.0000000000000000 
</data>
   </camera-matrix>
   <distortion type_id="opencv-matrix">
      <rows>5</rows>
      <cols>1</cols>
      <dt>d</dt>
      <data>-0.1581579533096253 -2.5493384521746689 0.0000000000000000 0.0000000000000000 32.1666228104754381 </data>
   </distortion>
</opencv_storage>